1
0
29
29
15 1
14 1
13 1
12 1
11 1
10 1
9 1
8 1
7 1
6 1
5 1
4 1
3 1
2 1
1 1
0 1
0 2
0 3
0 4
0 5
0 6
0 7
0 8
0 9
0 10
0 11
0 12
0 13
0 14
29
35
12 0
12 1
12 2
12 3
12 4
13 0
13 1
13 2
13 3
13 4
14 0
14 1
14 2
14 3
14 4
15 0
15 1
15 2
15 3
15 4
16 0
16 1
16 2
16 3
16 4
17 0
17 1
17 2
17 3
17 4
18 0
18 1
18 2
18 3
18 4
5
11 0
11 1
11 2
11 3
11 4
5
10 0
10 1
10 2
10 3
10 4
5
9 0
9 1
9 2
9 3
9 4
5
8 0
8 1
8 2
8 3
8 4
5
7 0
7 1
7 2
7 3
7 4
5
6 0
6 1
6 2
6 3
6 4
5
5 0
5 1
5 2
5 3
5 4
5
4 0
4 1
4 2
4 3
4 4
5
3 0
3 1
3 2
3 3
3 4
5
2 0
2 1
2 2
2 3
2 4
5
1 0
1 1
1 2
1 3
1 4
5
0 0
0 1
0 2
0 3
0 4
0
0
0
4
0 5
1 5
2 5
3 5
4
0 6
1 6
2 6
3 6
4
0 7
1 7
2 7
3 7
4
0 8
1 8
2 8
3 8
4
0 9
1 9
2 9
3 9
4
0 10
1 10
2 10
3 10
4
0 11
1 11
2 11
3 11
4
0 12
1 12
2 12
3 12
4
0 13
1 13
2 13
3 13
4
0 14
1 14
2 14
3 14
4
0 15
1 15
2 15
3 15
4
0 16
1 16
2 16
3 16
4
0 17
1 17
2 17
3 17
