2
0
20
20
0 0
0 1
0 2
0 1
1 1
2 1
2 2
2 1
2 0
2 0
2 1
2 2
2 3
2 4
2 5
2 6
2 7
2 8
2 9
1 9
20
12
0 0
0 1
0 2
0 3
1 0
1 1
1 2
1 3
2 0
2 1
2 2
2 3
3
0 4
1 4
2 4
3
0 5
1 5
2 5
0
0
0
15
0 6
0 7
0 8
0 9
0 10
1 6
1 7
1 8
1 9
1 10
2 6
2 7
2 8
2 9
2 10
0
0
0
0
0
0
0
0
0
0
0
0
0
1
11
11
2 10
2 9
2 8
2 7
2 6
2 5
2 4
2 3
2 2
2 1
1 1
20
12
0 7
0 8
0 9
0 10
1 7
1 8
1 9
1 10
2 7
2 8
2 9
2 10
3
0 6
1 6
2 6
3
0 5
1 5
2 5
3
0 4
1 4
2 4
3
0 3
1 3
2 3
3
0 2
1 2
2 2
6
0 1
1 1
2 1
0 0
1 0
2 0
0
0
0
0
0
0
0
0
0
0
0
0
0
