2
0
129
129
0 0
0 1
0 2
0 3
0 4
0 5
0 6
0 7
0 8
1 8
2 8
3 8
4 8
5 8
6 8
6 9
6 10
6 11
6 12
6 13
6 14
6 15
6 16
6 17
6 18
6 19
6 20
7 20
8 20
9 20
10 20
11 20
12 20
12 19
12 18
12 17
13 17
14 17
15 17
15 18
15 19
15 20
15 21
15 22
15 23
16 23
17 23
17 24
17 25
17 26
17 27
17 28
17 29
17 30
17 31
18 31
18 32
18 33
18 34
18 35
18 36
18 37
18 38
18 39
18 40
18 41
19 41
20 41
20 40
21 40
21 39
21 38
21 37
21 36
21 35
21 34
20 34
19 34
18 34
17 34
17 35
17 36
17 37
17 38
17 39
17 40
16 40
16 41
16 42
16 43
16 44
16 45
16 46
16 47
16 48
16 49
16 50
16 51
16 52
16 53
16 54
16 55
16 56
16 57
16 58
16 59
16 60
16 61
16 60
16 59
17 59
18 59
18 60
18 61
18 62
18 63
19 63
20 63
21 63
22 63
23 63
24 63
25 63
26 63
27 63
28 63
29 63
30 63
31 63
129
16
0 1
0 2
1 0
1 1
1 2
2 0
2 1
2 2
0 61
0 62
1 61
1 62
1 63
2 61
2 62
2 63
6
0 3
1 3
2 3
0 60
1 60
2 60
6
0 4
1 4
2 4
0 59
1 59
2 59
6
0 5
1 5
2 5
0 58
1 58
2 58
6
0 6
1 6
2 6
0 57
1 57
2 57
6
0 7
1 7
2 7
0 56
1 56
2 56
6
0 8
1 8
2 8
0 55
1 55
2 55
6
0 9
1 9
2 9
0 54
1 54
2 54
6
0 10
1 10
2 10
0 53
1 53
2 53
10
3 6
3 7
3 8
3 9
3 10
3 53
3 54
3 55
3 56
3 57
10
4 6
4 7
4 8
4 9
4 10
4 53
4 54
4 55
4 56
4 57
10
5 6
5 7
5 8
5 9
5 10
5 53
5 54
5 55
5 56
5 57
10
6 6
6 7
6 8
6 9
6 10
6 53
6 54
6 55
6 56
6 57
10
7 6
7 7
7 8
7 9
7 10
7 53
7 54
7 55
7 56
7 57
10
8 6
8 7
8 8
8 9
8 10
8 53
8 54
8 55
8 56
8 57
10
4 11
5 11
6 11
7 11
8 11
4 52
5 52
6 52
7 52
8 52
10
4 12
5 12
6 12
7 12
8 12
4 51
5 51
6 51
7 51
8 51
10
4 13
5 13
6 13
7 13
8 13
4 50
5 50
6 50
7 50
8 50
10
4 14
5 14
6 14
7 14
8 14
4 49
5 49
6 49
7 49
8 49
10
4 15
5 15
6 15
7 15
8 15
4 48
5 48
6 48
7 48
8 48
10
4 16
5 16
6 16
7 16
8 16
4 47
5 47
6 47
7 47
8 47
10
4 17
5 17
6 17
7 17
8 17
4 46
5 46
6 46
7 46
8 46
10
4 18
5 18
6 18
7 18
8 18
4 45
5 45
6 45
7 45
8 45
10
4 19
5 19
6 19
7 19
8 19
4 44
5 44
6 44
7 44
8 44
10
4 20
5 20
6 20
7 20
8 20
4 43
5 43
6 43
7 43
8 43
10
4 21
5 21
6 21
7 21
8 21
4 42
5 42
6 42
7 42
8 42
10
4 22
5 22
6 22
7 22
8 22
4 41
5 41
6 41
7 41
8 41
10
9 18
9 19
9 20
9 21
9 22
9 41
9 42
9 43
9 44
9 45
10
10 18
10 19
10 20
10 21
10 22
10 41
10 42
10 43
10 44
10 45
10
11 18
11 19
11 20
11 21
11 22
11 41
11 42
11 43
11 44
11 45
10
12 18
12 19
12 20
12 21
12 22
12 41
12 42
12 43
12 44
12 45
10
13 18
13 19
13 20
13 21
13 22
13 41
13 42
13 43
13 44
13 45
10
14 18
14 19
14 20
14 21
14 22
14 41
14 42
14 43
14 44
14 45
10
10 17
11 17
12 17
13 17
14 17
10 46
11 46
12 46
13 46
14 46
10
10 16
11 16
12 16
13 16
14 16
10 47
11 47
12 47
13 47
14 47
10
10 15
11 15
12 15
13 15
14 15
10 48
11 48
12 48
13 48
14 48
10
15 15
15 16
15 17
15 18
15 19
15 44
15 45
15 46
15 47
15 48
10
16 15
16 16
16 17
16 18
16 19
16 44
16 45
16 46
16 47
16 48
10
17 15
17 16
17 17
17 18
17 19
17 44
17 45
17 46
17 47
17 48
6
15 20
16 20
17 20
15 43
16 43
17 43
6
15 21
16 21
17 21
15 42
16 42
17 42
6
15 22
16 22
17 22
15 41
16 41
17 41
10
13 23
14 23
15 23
16 23
17 23
13 40
14 40
15 40
16 40
17 40
10
13 24
14 24
15 24
16 24
17 24
13 39
14 39
15 39
16 39
17 39
10
13 25
14 25
15 25
16 25
17 25
13 38
14 38
15 38
16 38
17 38
10
18 21
18 22
18 23
18 24
18 25
18 38
18 39
18 40
18 41
18 42
10
19 21
19 22
19 23
19 24
19 25
19 38
19 39
19 40
19 41
19 42
10
15 26
16 26
17 26
18 26
19 26
15 37
16 37
17 37
18 37
19 37
10
15 27
16 27
17 27
18 27
19 27
15 36
16 36
17 36
18 36
19 36
10
15 28
16 28
17 28
18 28
19 28
15 35
16 35
17 35
18 35
19 35
10
15 29
16 29
17 29
18 29
19 29
15 34
16 34
17 34
18 34
19 34
10
15 30
16 30
17 30
18 30
19 30
15 33
16 33
17 33
18 33
19 33
10
15 31
16 31
17 31
18 31
19 31
15 32
16 32
17 32
18 32
19 32
0
0
5
20 29
20 30
20 31
20 32
20 33
1
20 34
1
20 35
1
20 36
1
20 37
1
20 38
1
20 39
1
20 40
1
20 41
3
20 42
18 20
19 20
8
18 43
19 43
20 43
20 20
20 21
20 22
20 23
20 24
10
21 39
21 40
21 41
21 42
21 43
21 20
21 21
21 22
21 23
21 24
10
22 39
22 40
22 41
22 42
22 43
22 20
22 21
22 22
22 23
22 24
5
21 38
22 38
20 25
21 25
22 25
10
23 38
23 39
23 40
23 41
23 42
23 21
23 22
23 23
23 24
23 25
7
21 37
22 37
23 37
20 26
21 26
22 26
23 26
7
21 36
22 36
23 36
20 27
21 27
22 27
23 27
7
21 35
22 35
23 35
20 28
21 28
22 28
23 28
6
21 34
22 34
23 34
21 29
22 29
23 29
6
21 33
22 33
23 33
21 30
22 30
23 30
6
21 32
22 32
23 32
21 31
22 31
23 31
0
0
0
0
0
0
0
0
0
0
0
0
2
18 44
18 19
2
18 45
18 18
2
18 46
18 17
2
18 47
18 16
2
18 48
18 15
10
14 49
15 49
16 49
17 49
18 49
14 14
15 14
16 14
17 14
18 14
10
14 50
15 50
16 50
17 50
18 50
14 13
15 13
16 13
17 13
18 13
10
14 51
15 51
16 51
17 51
18 51
14 12
15 12
16 12
17 12
18 12
10
14 52
15 52
16 52
17 52
18 52
14 11
15 11
16 11
17 11
18 11
10
14 53
15 53
16 53
17 53
18 53
14 10
15 10
16 10
17 10
18 10
10
14 54
15 54
16 54
17 54
18 54
14 9
15 9
16 9
17 9
18 9
10
14 55
15 55
16 55
17 55
18 55
14 8
15 8
16 8
17 8
18 8
10
14 56
15 56
16 56
17 56
18 56
14 7
15 7
16 7
17 7
18 7
10
14 57
15 57
16 57
17 57
18 57
14 6
15 6
16 6
17 6
18 6
10
14 58
15 58
16 58
17 58
18 58
14 5
15 5
16 5
17 5
18 5
10
14 59
15 59
16 59
17 59
18 59
14 4
15 4
16 4
17 4
18 4
10
14 60
15 60
16 60
17 60
18 60
14 3
15 3
16 3
17 3
18 3
10
14 61
15 61
16 61
17 61
18 61
14 2
15 2
16 2
17 2
18 2
10
14 62
15 62
16 62
17 62
18 62
14 1
15 1
16 1
17 1
18 1
10
14 63
15 63
16 63
17 63
18 63
14 0
15 0
16 0
17 0
18 0
0
0
10
19 57
19 58
19 59
19 60
19 61
19 2
19 3
19 4
19 5
19 6
10
20 57
20 58
20 59
20 60
20 61
20 2
20 3
20 4
20 5
20 6
4
19 62
20 62
19 1
20 1
4
19 63
20 63
19 0
20 0
0
0
6
21 61
21 62
21 63
21 0
21 1
21 2
6
22 61
22 62
22 63
22 0
22 1
22 2
6
23 61
23 62
23 63
23 0
23 1
23 2
6
24 61
24 62
24 63
24 0
24 1
24 2
6
25 61
25 62
25 63
25 0
25 1
25 2
6
26 61
26 62
26 63
26 0
26 1
26 2
6
27 61
27 62
27 63
27 0
27 1
27 2
6
28 61
28 62
28 63
28 0
28 1
28 2
6
29 61
29 62
29 63
29 0
29 1
29 2
6
30 61
30 62
30 63
30 0
30 1
30 2
6
31 61
31 62
31 63
31 0
31 1
31 2
0
0
1
129
129
0 63
0 62
0 61
0 60
0 59
0 58
0 57
0 56
0 55
1 55
2 55
3 55
4 55
5 55
6 55
6 54
6 53
6 52
6 51
6 50
6 49
6 48
6 47
6 46
6 45
6 44
6 43
7 43
8 43
9 43
10 43
11 43
12 43
12 44
12 45
12 46
13 46
14 46
15 46
15 45
15 44
15 43
15 42
15 41
15 40
16 40
17 40
17 39
17 38
17 37
17 36
17 35
17 34
17 33
17 32
17 31
17 30
17 29
17 28
17 27
17 26
17 25
17 24
17 23
17 22
18 22
19 22
20 22
20 23
21 23
21 24
21 25
21 26
21 27
21 28
21 29
20 29
19 29
18 29
17 29
17 28
17 27
17 26
17 25
17 24
17 23
16 23
16 22
16 21
16 20
16 19
16 18
16 17
16 16
16 15
16 14
16 13
16 12
16 11
16 10
16 9
16 8
16 7
16 6
16 5
16 4
16 3
16 2
16 3
16 4
17 4
18 4
18 3
18 2
18 1
18 0
19 0
20 0
21 0
22 0
23 0
24 0
25 0
26 0
27 0
28 0
29 0
30 0
31 0
129
16
0 61
0 62
1 61
1 62
1 63
2 61
2 62
2 63
0 1
0 2
1 0
1 1
1 2
2 0
2 1
2 2
6
0 60
1 60
2 60
0 3
1 3
2 3
6
0 59
1 59
2 59
0 4
1 4
2 4
6
0 58
1 58
2 58
0 5
1 5
2 5
6
0 57
1 57
2 57
0 6
1 6
2 6
6
0 56
1 56
2 56
0 7
1 7
2 7
6
0 55
1 55
2 55
0 8
1 8
2 8
6
0 54
1 54
2 54
0 9
1 9
2 9
6
0 53
1 53
2 53
0 10
1 10
2 10
10
3 53
3 54
3 55
3 56
3 57
3 6
3 7
3 8
3 9
3 10
10
4 53
4 54
4 55
4 56
4 57
4 6
4 7
4 8
4 9
4 10
10
5 53
5 54
5 55
5 56
5 57
5 6
5 7
5 8
5 9
5 10
10
6 53
6 54
6 55
6 56
6 57
6 6
6 7
6 8
6 9
6 10
10
7 53
7 54
7 55
7 56
7 57
7 6
7 7
7 8
7 9
7 10
10
8 53
8 54
8 55
8 56
8 57
8 6
8 7
8 8
8 9
8 10
10
4 52
5 52
6 52
7 52
8 52
4 11
5 11
6 11
7 11
8 11
10
4 51
5 51
6 51
7 51
8 51
4 12
5 12
6 12
7 12
8 12
10
4 50
5 50
6 50
7 50
8 50
4 13
5 13
6 13
7 13
8 13
10
4 49
5 49
6 49
7 49
8 49
4 14
5 14
6 14
7 14
8 14
10
4 48
5 48
6 48
7 48
8 48
4 15
5 15
6 15
7 15
8 15
10
4 47
5 47
6 47
7 47
8 47
4 16
5 16
6 16
7 16
8 16
10
4 46
5 46
6 46
7 46
8 46
4 17
5 17
6 17
7 17
8 17
10
4 45
5 45
6 45
7 45
8 45
4 18
5 18
6 18
7 18
8 18
10
4 44
5 44
6 44
7 44
8 44
4 19
5 19
6 19
7 19
8 19
10
4 43
5 43
6 43
7 43
8 43
4 20
5 20
6 20
7 20
8 20
10
4 42
5 42
6 42
7 42
8 42
4 21
5 21
6 21
7 21
8 21
10
4 41
5 41
6 41
7 41
8 41
4 22
5 22
6 22
7 22
8 22
10
9 41
9 42
9 43
9 44
9 45
9 18
9 19
9 20
9 21
9 22
10
10 41
10 42
10 43
10 44
10 45
10 18
10 19
10 20
10 21
10 22
10
11 41
11 42
11 43
11 44
11 45
11 18
11 19
11 20
11 21
11 22
10
12 41
12 42
12 43
12 44
12 45
12 18
12 19
12 20
12 21
12 22
10
13 41
13 42
13 43
13 44
13 45
13 18
13 19
13 20
13 21
13 22
10
14 41
14 42
14 43
14 44
14 45
14 18
14 19
14 20
14 21
14 22
10
10 46
11 46
12 46
13 46
14 46
10 17
11 17
12 17
13 17
14 17
10
10 47
11 47
12 47
13 47
14 47
10 16
11 16
12 16
13 16
14 16
10
10 48
11 48
12 48
13 48
14 48
10 15
11 15
12 15
13 15
14 15
10
15 44
15 45
15 46
15 47
15 48
15 15
15 16
15 17
15 18
15 19
10
16 44
16 45
16 46
16 47
16 48
16 15
16 16
16 17
16 18
16 19
10
17 44
17 45
17 46
17 47
17 48
17 15
17 16
17 17
17 18
17 19
6
15 43
16 43
17 43
15 20
16 20
17 20
6
15 42
16 42
17 42
15 21
16 21
17 21
6
15 41
16 41
17 41
15 22
16 22
17 22
10
13 40
14 40
15 40
16 40
17 40
13 23
14 23
15 23
16 23
17 23
10
13 39
14 39
15 39
16 39
17 39
13 24
14 24
15 24
16 24
17 24
10
13 38
14 38
15 38
16 38
17 38
13 25
14 25
15 25
16 25
17 25
10
18 38
18 39
18 40
18 41
18 42
18 21
18 22
18 23
18 24
18 25
10
19 38
19 39
19 40
19 41
19 42
19 21
19 22
19 23
19 24
19 25
10
15 37
16 37
17 37
18 37
19 37
15 26
16 26
17 26
18 26
19 26
10
15 36
16 36
17 36
18 36
19 36
15 27
16 27
17 27
18 27
19 27
10
15 35
16 35
17 35
18 35
19 35
15 28
16 28
17 28
18 28
19 28
10
15 34
16 34
17 34
18 34
19 34
15 29
16 29
17 29
18 29
19 29
10
15 33
16 33
17 33
18 33
19 33
15 30
16 30
17 30
18 30
19 30
10
15 32
16 32
17 32
18 32
19 32
15 31
16 31
17 31
18 31
19 31
0
0
5
20 29
20 30
20 31
20 32
20 33
1
20 34
1
20 35
1
20 36
1
20 37
1
20 38
1
20 39
1
20 40
1
20 41
3
18 20
19 20
20 42
8
20 20
20 21
20 22
20 23
20 24
18 43
19 43
20 43
10
21 20
21 21
21 22
21 23
21 24
21 39
21 40
21 41
21 42
21 43
10
22 20
22 21
22 22
22 23
22 24
22 39
22 40
22 41
22 42
22 43
5
20 25
21 25
22 25
21 38
22 38
10
23 21
23 22
23 23
23 24
23 25
23 38
23 39
23 40
23 41
23 42
7
20 26
21 26
22 26
23 26
21 37
22 37
23 37
7
20 27
21 27
22 27
23 27
21 36
22 36
23 36
7
20 28
21 28
22 28
23 28
21 35
22 35
23 35
6
21 29
22 29
23 29
21 34
22 34
23 34
6
21 30
22 30
23 30
21 33
22 33
23 33
6
21 31
22 31
23 31
21 32
22 32
23 32
0
0
0
0
0
0
0
0
0
0
0
0
2
18 19
18 44
2
18 18
18 45
2
18 17
18 46
2
18 16
18 47
2
18 15
18 48
10
14 14
15 14
16 14
17 14
18 14
14 49
15 49
16 49
17 49
18 49
10
14 13
15 13
16 13
17 13
18 13
14 50
15 50
16 50
17 50
18 50
10
14 12
15 12
16 12
17 12
18 12
14 51
15 51
16 51
17 51
18 51
10
14 11
15 11
16 11
17 11
18 11
14 52
15 52
16 52
17 52
18 52
10
14 10
15 10
16 10
17 10
18 10
14 53
15 53
16 53
17 53
18 53
10
14 9
15 9
16 9
17 9
18 9
14 54
15 54
16 54
17 54
18 54
10
14 8
15 8
16 8
17 8
18 8
14 55
15 55
16 55
17 55
18 55
10
14 7
15 7
16 7
17 7
18 7
14 56
15 56
16 56
17 56
18 56
10
14 6
15 6
16 6
17 6
18 6
14 57
15 57
16 57
17 57
18 57
10
14 5
15 5
16 5
17 5
18 5
14 58
15 58
16 58
17 58
18 58
10
14 4
15 4
16 4
17 4
18 4
14 59
15 59
16 59
17 59
18 59
10
14 3
15 3
16 3
17 3
18 3
14 60
15 60
16 60
17 60
18 60
10
14 2
15 2
16 2
17 2
18 2
14 61
15 61
16 61
17 61
18 61
10
14 1
15 1
16 1
17 1
18 1
14 62
15 62
16 62
17 62
18 62
10
14 0
15 0
16 0
17 0
18 0
14 63
15 63
16 63
17 63
18 63
0
0
10
19 2
19 3
19 4
19 5
19 6
19 57
19 58
19 59
19 60
19 61
10
20 2
20 3
20 4
20 5
20 6
20 57
20 58
20 59
20 60
20 61
4
19 1
20 1
19 62
20 62
4
19 0
20 0
19 63
20 63
0
0
6
21 0
21 1
21 2
21 61
21 62
21 63
6
22 0
22 1
22 2
22 61
22 62
22 63
6
23 0
23 1
23 2
23 61
23 62
23 63
6
24 0
24 1
24 2
24 61
24 62
24 63
6
25 0
25 1
25 2
25 61
25 62
25 63
6
26 0
26 1
26 2
26 61
26 62
26 63
6
27 0
27 1
27 2
27 61
27 62
27 63
6
28 0
28 1
28 2
28 61
28 62
28 63
6
29 0
29 1
29 2
29 61
29 62
29 63
6
30 0
30 1
30 2
30 61
30 62
30 63
6
31 0
31 1
31 2
31 61
31 62
31 63
0
0
